{
  "metadata": {
    "total_views": 40,
    "resolution": [
      512,
      512
    ],
    "pixel_aspect": [
      1.0,
      1.0
    ],
    "convention": "Blender (-Z forward, +Y up)",
    "sequence_mode": true
  },
  "views": [
    {
      "intrinsic": {
        "K": [
          [
            443.4049918174785,
            0,
            256.0
          ],
          [
            0,
            443.4049918174785,
            256.0
          ],
          [
            0,
            0,
            1
          ]
        ],
        "fx": 443.4049918174785,
        "fy": 443.4049918174785,
        "cx": 256.0,
        "cy": 256.0,
        "fov_degrees": 60.000001669652114
      },
      "extrinsic": {
        "T_cw": [
          [
            1.0,
            0.0,
            0.0,
            0.0
          ],
          [
            0.0,
            0.3420201539993286,
            -0.9396926164627075,
            6.030723571777344
          ],
          [
            0.0,
            0.9396926164627075,
            0.3420201539993286,
            34.20201110839844
          ],
          [
            0.0,
            0.0,
            0.0,
            1.0
          ]
        ],
        "T_wc": [
          [
            1.0,
            -0.0,
            0.0,
            -0.0
          ],
          [
            -0.0,
            0.3420201539993286,
            0.9396926164627075,
            -34.20200729370117
          ],
          [
            0.0,
            -0.9396926164627075,
            0.3420201539993286,
            -6.030750274658203
          ],
          [
            -0.0,
            0.0,
            -0.0,
            1.0
          ]
        ],
        "R": [
          [
            1.0,
            0.0,
            0.0,
            0.0
          ],
          [
            0.0,
            0.3420201539993286,
            -0.9396926164627075,
            6.030723571777344
          ],
          [
            0.0,
            0.9396926164627075,
            0.3420201539993286,
            34.20201110839844
          ]
        ],
        "t": [
          0.0,
          6.030723571777344,
          34.20201110839844
        ]
      },
      "matrices": {
        "view_matrix": [
          [
            1.0,
            -0.0,
            0.0,
            -0.0
          ],
          [
            -0.0,
            0.3420201539993286,
            0.9396926164627075,
            -34.20200729370117
          ],
          [
            0.0,
            -0.9396926164627075,
            0.3420201539993286,
            -6.030750274658203
          ],
          [
            -0.0,
            0.0,
            -0.0,
            1.0
          ]
        ],
        "projection_matrix": [
          [
            1.7320507492870254,
            0,
            0,
            0
          ],
          [
            0,
            1.7320507492870254,
            0,
            0
          ],
          [
            0,
            0,
            -1.000200020004981,
            -0.2000200049810284
          ],
          [
            0,
            0,
            -1,
            0
          ]
        ]
      },
      "camera_info": {
        "location": [
          0.0,
          6.030723571777344,
          34.20201110839844
        ],
        "rotation_euler": [
          1.2217304706573486,
          -0.0,
          0.0
        ],
        "lens_angle_degrees": 60.000001669652114,
        "clip_start": 0.10000000149011612,
        "clip_end": 1000.0,
        "shift_x": 0.0,
        "shift_y": 0.0
      },
      "view_name": "z_00_x-20"
    },
    {
      "intrinsic": {
        "K": [
          [
            443.4049918174785,
            0,
            256.0
          ],
          [
            0,
            443.4049918174785,
            256.0
          ],
          [
            0,
            0,
            1
          ]
        ],
        "fx": 443.4049918174785,
        "fy": 443.4049918174785,
        "cx": 256.0,
        "cy": 256.0,
        "fov_degrees": 60.000001669652114
      },
      "extrinsic": {
        "T_cw": [
          [
            0.7071067690849304,
            -0.24184471368789673,
            0.6644630432128906,
            66.4463119506836
          ],
          [
            0.7071067690849304,
            0.24184466898441315,
            -0.6644630432128906,
            33.55369567871094
          ],
          [
            2.8603167834262422e-08,
            0.9396926760673523,
            0.34202003479003906,
            34.20201110839844
          ],
          [
            0.0,
            0.0,
            0.0,
            1.0
          ]
        ],
        "T_wc": [
          [
            0.7071068286895752,
            0.7071068286895752,
            2.9802322387695312e-08,
            -70.71068572998047
          ],
          [
            -0.24184469878673553,
            0.24184466898441315,
            0.9396926164627075,
            -24.184473037719727
          ],
          [
            0.6644630432128906,
            -0.6644630432128906,
            0.34202003479003906,
            -33.55370330810547
          ],
          [
            -0.0,
            0.0,
            -0.0,
            1.0
          ]
        ],
        "R": [
          [
            0.7071067690849304,
            -0.24184471368789673,
            0.6644630432128906,
            66.4463119506836
          ],
          [
            0.7071067690849304,
            0.24184466898441315,
            -0.6644630432128906,
            33.55369567871094
          ],
          [
            2.8603167834262422e-08,
            0.9396926760673523,
            0.34202003479003906,
            34.20201110839844
          ]
        ],
        "t": [
          66.4463119506836,
          33.55369567871094,
          34.20201110839844
        ]
      },
      "matrices": {
        "view_matrix": [
          [
            0.7071068286895752,
            0.7071068286895752,
            2.9802322387695312e-08,
            -70.71068572998047
          ],
          [
            -0.24184469878673553,
            0.24184466898441315,
            0.9396926164627075,
            -24.184473037719727
          ],
          [
            0.6644630432128906,
            -0.6644630432128906,
            0.34202003479003906,
            -33.55370330810547
          ],
          [
            -0.0,
            0.0,
            -0.0,
            1.0
          ]
        ],
        "projection_matrix": [
          [
            1.7320507492870254,
            0,
            0,
            0
          ],
          [
            0,
            1.7320507492870254,
            0,
            0
          ],
          [
            0,
            0,
            -1.000200020004981,
            -0.2000200049810284
          ],
          [
            0,
            0,
            -1,
            0
          ]
        ]
      },
      "camera_info": {
        "location": [
          66.4463119506836,
          33.55369567871094,
          34.20201110839844
        ],
        "rotation_euler": [
          1.2217305898666382,
          -2.8603167834262422e-08,
          0.7853981852531433
        ],
        "lens_angle_degrees": 60.000001669652114,
        "clip_start": 0.10000000149011612,
        "clip_end": 1000.0,
        "shift_x": 0.0,
        "shift_y": 0.0
      },
      "view_name": "z_01_x-20"
    },
    {
      "intrinsic": {
        "K": [
          [
            443.4049918174785,
            0,
            256.0
          ],
          [
            0,
            443.4049918174785,
            256.0
          ],
          [
            0,
            0,
            1
          ]
        ],
        "fx": 443.4049918174785,
        "fy": 443.4049918174785,
        "cx": 256.0,
        "cy": 256.0,
        "fov_degrees": 60.000001669652114
      },
      "extrinsic": {
        "T_cw": [
          [
            7.549790126404332e-08,
            -0.3420199155807495,
            0.9396926760673523,
            93.96927642822266
          ],
          [
            1.0,
            -2.6072871861515523e-08,
            -8.98329233223194e-08,
            99.99999237060547
          ],
          [
            5.5225136463832314e-08,
            0.9396926760673523,
            0.3420199155807495,
            34.20201110839844
          ],
          [
            0.0,
            0.0,
            0.0,
            1.0
          ]
        ],
        "T_wc": [
          [
            7.549790836947068e-08,
            1.0,
            5.522514001654599e-08,
            -100.0
          ],
          [
            -0.3420199453830719,
            -2.6072871861515523e-08,
            0.9396927356719971,
            -1.2651503311644774e-05
          ],
          [
            0.9396927356719971,
            -8.98329233223194e-08,
            0.3420199453830719,
            -100.00000762939453
          ],
          [
            -0.0,
            0.0,
            -0.0,
            1.0
          ]
        ],
        "R": [
          [
            7.549790126404332e-08,
            -0.3420199155807495,
            0.9396926760673523,
            93.96927642822266
          ],
          [
            1.0,
            -2.6072871861515523e-08,
            -8.98329233223194e-08,
            99.99999237060547
          ],
          [
            5.5225136463832314e-08,
            0.9396926760673523,
            0.3420199155807495,
            34.20201110839844
          ]
        ],
        "t": [
          93.96927642822266,
          99.99999237060547,
          34.20201110839844
        ]
      },
      "matrices": {
        "view_matrix": [
          [
            7.549790836947068e-08,
            1.0,
            5.522514001654599e-08,
            -100.0
          ],
          [
            -0.3420199453830719,
            -2.6072871861515523e-08,
            0.9396927356719971,
            -1.2651503311644774e-05
          ],
          [
            0.9396927356719971,
            -8.98329233223194e-08,
            0.3420199453830719,
            -100.00000762939453
          ],
          [
            -0.0,
            0.0,
            -0.0,
            1.0
          ]
        ],
        "projection_matrix": [
          [
            1.7320507492870254,
            0,
            0,
            0
          ],
          [
            0,
            1.7320507492870254,
            0,
            0
          ],
          [
            0,
            0,
            -1.000200020004981,
            -0.2000200049810284
          ],
          [
            0,
            0,
            -1,
            0
          ]
        ]
      },
      "camera_info": {
        "location": [
          93.96927642822266,
          99.99999237060547,
          34.20201110839844
        ],
        "rotation_euler": [
          1.2217307090759277,
          -5.5225136463832314e-08,
          1.570796251296997
        ],
        "lens_angle_degrees": 60.000001669652114,
        "clip_start": 0.10000000149011612,
        "clip_end": 1000.0,
        "shift_x": 0.0,
        "shift_y": 0.0
      },
      "view_name": "z_02_x-20"
    },
    {
      "intrinsic": {
        "K": [
          [
            443.4049918174785,
            0,
            256.0
          ],
          [
            0,
            443.4049918174785,
            256.0
          ],
          [
            0,
            0,
            1
          ]
        ],
        "fx": 443.4049918174785,
        "fy": 443.4049918174785,
        "cx": 256.0,
        "cy": 256.0,
        "fov_degrees": 60.000001669652114
      },
      "extrinsic": {
        "T_cw": [
          [
            -0.7071071267127991,
            -0.24184446036815643,
            0.6644627451896667,
            66.4462890625
          ],
          [
            0.7071064114570618,
            -0.24184474349021912,
            0.6644634008407593,
            166.44631958007812
          ],
          [
            3.600765552391749e-08,
            0.9396926760673523,
            0.3420199155807495,
            34.20201110839844
          ],
          [
            0.0,
            0.0,
            0.0,
            1.0
          ]
        ],
        "T_wc": [
          [
            -0.7071071267127991,
            0.7071064710617065,
            2.980232594040899e-08,
            -70.71063232421875
          ],
          [
            -0.24184447526931763,
            -0.2418447732925415,
            0.9396927952766418,
            24.184459686279297
          ],
          [
            0.6644628047943115,
            0.664463460445404,
            0.3420199453830719,
            -166.44635009765625
          ],
          [
            -0.0,
            0.0,
            -0.0,
            1.0
          ]
        ],
        "R": [
          [
            -0.7071071267127991,
            -0.24184446036815643,
            0.6644627451896667,
            66.4462890625
          ],
          [
            0.7071064114570618,
            -0.24184474349021912,
            0.6644634008407593,
            166.44631958007812
          ],
          [
            3.600765552391749e-08,
            0.9396926760673523,
            0.3420199155807495,
            34.20201110839844
          ]
        ],
        "t": [
          66.4462890625,
          166.44631958007812,
          34.20201110839844
        ]
      },
      "matrices": {
        "view_matrix": [
          [
            -0.7071071267127991,
            0.7071064710617065,
            2.980232594040899e-08,
            -70.71063232421875
          ],
          [
            -0.24184447526931763,
            -0.2418447732925415,
            0.9396927952766418,
            24.184459686279297
          ],
          [
            0.6644628047943115,
            0.664463460445404,
            0.3420199453830719,
            -166.44635009765625
          ],
          [
            -0.0,
            0.0,
            -0.0,
            1.0
          ]
        ],
        "projection_matrix": [
          [
            1.7320507492870254,
            0,
            0,
            0
          ],
          [
            0,
            1.7320507492870254,
            0,
            0
          ],
          [
            0,
            0,
            -1.000200020004981,
            -0.2000200049810284
          ],
          [
            0,
            0,
            -1,
            0
          ]
        ]
      },
      "camera_info": {
        "location": [
          66.4462890625,
          166.44631958007812,
          34.20201110839844
        ],
        "rotation_euler": [
          1.2217307090759277,
          -3.600765552391749e-08,
          2.3561949729919434
        ],
        "lens_angle_degrees": 60.000001669652114,
        "clip_start": 0.10000000149011612,
        "clip_end": 1000.0,
        "shift_x": 0.0,
        "shift_y": 0.0
      },
      "view_name": "z_03_x-20"
    },
    {
      "intrinsic": {
        "K": [
          [
            443.4049918174785,
            0,
            256.0
          ],
          [
            0,
            443.4049918174785,
            256.0
          ],
          [
            0,
            0,
            1
          ]
        ],
        "fx": 443.4049918174785,
        "fy": 443.4049918174785,
        "cx": 256.0,
        "cy": 256.0,
        "fov_degrees": 60.000001669652114
      },
      "extrinsic": {
        "T_cw": [
          [
            -1.0,
            -1.0778000358868667e-07,
            1.2145765992954694e-07,
            8.21505454950966e-06
          ],
          [
            1.5099580252808664e-07,
            -0.3420201539993286,
            0.9396926164627075,
            193.96926879882812
          ],
          [
            -5.973910788270587e-08,
            0.9396926164627075,
            0.3420201539993286,
            34.20201110839844
          ],
          [
            0.0,
            0.0,
            0.0,
            1.0
          ]
        ],
        "T_wc": [
          [
            -1.0,
            1.5099580252808664e-07,
            -5.973910788270587e-08,
            -1.9030294424737804e-05
          ],
          [
            -1.0778000358868667e-07,
            -0.3420201539993286,
            0.9396926164627075,
            34.202022552490234
          ],
          [
            1.2145765992954694e-07,
            0.9396926164627075,
            0.3420201539993286,
            -193.96926879882812
          ],
          [
            -0.0,
            -0.0,
            -0.0,
            1.0
          ]
        ],
        "R": [
          [
            -1.0,
            -1.0778000358868667e-07,
            1.2145765992954694e-07,
            8.21505454950966e-06
          ],
          [
            1.5099580252808664e-07,
            -0.3420201539993286,
            0.9396926164627075,
            193.96926879882812
          ],
          [
            -5.973910788270587e-08,
            0.9396926164627075,
            0.3420201539993286,
            34.20201110839844
          ]
        ],
        "t": [
          8.21505454950966e-06,
          193.96926879882812,
          34.20201110839844
        ]
      },
      "matrices": {
        "view_matrix": [
          [
            -1.0,
            1.5099580252808664e-07,
            -5.973910788270587e-08,
            -1.9030294424737804e-05
          ],
          [
            -1.0778000358868667e-07,
            -0.3420201539993286,
            0.9396926164627075,
            34.202022552490234
          ],
          [
            1.2145765992954694e-07,
            0.9396926164627075,
            0.3420201539993286,
            -193.96926879882812
          ],
          [
            -0.0,
            -0.0,
            -0.0,
            1.0
          ]
        ],
        "projection_matrix": [
          [
            1.7320507492870254,
            0,
            0,
            0
          ],
          [
            0,
            1.7320507492870254,
            0,
            0
          ],
          [
            0,
            0,
            -1.000200020004981,
            -0.2000200049810284
          ],
          [
            0,
            0,
            -1,
            0
          ]
        ]
      },
      "camera_info": {
        "location": [
          8.21505454950966e-06,
          193.96926879882812,
          34.20201110839844
        ],
        "rotation_euler": [
          1.2217304706573486,
          5.973910788270587e-08,
          3.141592502593994
        ],
        "lens_angle_degrees": 60.000001669652114,
        "clip_start": 0.10000000149011612,
        "clip_end": 1000.0,
        "shift_x": 0.0,
        "shift_y": 0.0
      },
      "view_name": "z_04_x-20"
    },
    {
      "intrinsic": {
        "K": [
          [
            443.4049918174785,
            0,
            256.0
          ],
          [
            0,
            443.4049918174785,
            256.0
          ],
          [
            0,
            0,
            1
          ]
        ],
        "fx": 443.4049918174785,
        "fy": 443.4049918174785,
        "cx": 256.0,
        "cy": 256.0,
        "fov_degrees": 60.000001669652114
      },
      "extrinsic": {
        "T_cw": [
          [
            -0.7071071267127991,
            0.24184446036815643,
            -0.6644627451896667,
            -66.4462890625
          ],
          [
            -0.7071064114570618,
            -0.24184474349021912,
            0.6644634008407593,
            166.44631958007812
          ],
          [
            -3.600765552391749e-08,
            0.9396926760673523,
            0.3420199155807495,
            34.20201110839844
          ],
          [
            0.0,
            0.0,
            0.0,
            1.0
          ]
        ],
        "T_wc": [
          [
            -0.7071071267127991,
            -0.7071064710617065,
            -2.980232594040899e-08,
            70.71063232421875
          ],
          [
            0.24184447526931763,
            -0.2418447732925415,
            0.9396927952766418,
            24.184459686279297
          ],
          [
            -0.6644628047943115,
            0.664463460445404,
            0.3420199453830719,
            -166.44635009765625
          ],
          [
            0.0,
            0.0,
            -0.0,
            1.0
          ]
        ],
        "R": [
          [
            -0.7071071267127991,
            0.24184446036815643,
            -0.6644627451896667,
            -66.4462890625
          ],
          [
            -0.7071064114570618,
            -0.24184474349021912,
            0.6644634008407593,
            166.44631958007812
          ],
          [
            -3.600765552391749e-08,
            0.9396926760673523,
            0.3420199155807495,
            34.20201110839844
          ]
        ],
        "t": [
          -66.4462890625,
          166.44631958007812,
          34.20201110839844
        ]
      },
      "matrices": {
        "view_matrix": [
          [
            -0.7071071267127991,
            -0.7071064710617065,
            -2.980232594040899e-08,
            70.71063232421875
          ],
          [
            0.24184447526931763,
            -0.2418447732925415,
            0.9396927952766418,
            24.184459686279297
          ],
          [
            -0.6644628047943115,
            0.664463460445404,
            0.3420199453830719,
            -166.44635009765625
          ],
          [
            0.0,
            0.0,
            -0.0,
            1.0
          ]
        ],
        "projection_matrix": [
          [
            1.7320507492870254,
            0,
            0,
            0
          ],
          [
            0,
            1.7320507492870254,
            0,
            0
          ],
          [
            0,
            0,
            -1.000200020004981,
            -0.2000200049810284
          ],
          [
            0,
            0,
            -1,
            0
          ]
        ]
      },
      "camera_info": {
        "location": [
          -66.4462890625,
          166.44631958007812,
          34.20201110839844
        ],
        "rotation_euler": [
          1.2217307090759277,
          3.600765552391749e-08,
          -2.3561949729919434
        ],
        "lens_angle_degrees": 60.000001669652114,
        "clip_start": 0.10000000149011612,
        "clip_end": 1000.0,
        "shift_x": 0.0,
        "shift_y": 0.0
      },
      "view_name": "z_05_x-20"
    },
    {
      "intrinsic": {
        "K": [
          [
            443.4049918174785,
            0,
            256.0
          ],
          [
            0,
            443.4049918174785,
            256.0
          ],
          [
            0,
            0,
            1
          ]
        ],
        "fx": 443.4049918174785,
        "fy": 443.4049918174785,
        "cx": 256.0,
        "cy": 256.0,
        "fov_degrees": 60.000001669652114
      },
      "extrinsic": {
        "T_cw": [
          [
            7.549790126404332e-08,
            0.3420199155807495,
            -0.9396926760673523,
            -93.96927642822266
          ],
          [
            -1.0,
            -2.6072871861515523e-08,
            -8.98329233223194e-08,
            99.99999237060547
          ],
          [
            -5.5225136463832314e-08,
            0.9396926760673523,
            0.3420199155807495,
            34.20201110839844
          ],
          [
            0.0,
            0.0,
            0.0,
            1.0
          ]
        ],
        "T_wc": [
          [
            7.549790836947068e-08,
            -1.0,
            -5.522514001654599e-08,
            100.0
          ],
          [
            0.3420199453830719,
            -2.6072871861515523e-08,
            0.9396927356719971,
            -1.2651503311644774e-05
          ],
          [
            -0.9396927356719971,
            -8.98329233223194e-08,
            0.3420199453830719,
            -100.00000762939453
          ],
          [
            -0.0,
            0.0,
            -0.0,
            1.0
          ]
        ],
        "R": [
          [
            7.549790126404332e-08,
            0.3420199155807495,
            -0.9396926760673523,
            -93.96927642822266
          ],
          [
            -1.0,
            -2.6072871861515523e-08,
            -8.98329233223194e-08,
            99.99999237060547
          ],
          [
            -5.5225136463832314e-08,
            0.9396926760673523,
            0.3420199155807495,
            34.20201110839844
          ]
        ],
        "t": [
          -93.96927642822266,
          99.99999237060547,
          34.20201110839844
        ]
      },
      "matrices": {
        "view_matrix": [
          [
            7.549790836947068e-08,
            -1.0,
            -5.522514001654599e-08,
            100.0
          ],
          [
            0.3420199453830719,
            -2.6072871861515523e-08,
            0.9396927356719971,
            -1.2651503311644774e-05
          ],
          [
            -0.9396927356719971,
            -8.98329233223194e-08,
            0.3420199453830719,
            -100.00000762939453
          ],
          [
            -0.0,
            0.0,
            -0.0,
            1.0
          ]
        ],
        "projection_matrix": [
          [
            1.7320507492870254,
            0,
            0,
            0
          ],
          [
            0,
            1.7320507492870254,
            0,
            0
          ],
          [
            0,
            0,
            -1.000200020004981,
            -0.2000200049810284
          ],
          [
            0,
            0,
            -1,
            0
          ]
        ]
      },
      "camera_info": {
        "location": [
          -93.96927642822266,
          99.99999237060547,
          34.20201110839844
        ],
        "rotation_euler": [
          1.2217307090759277,
          5.5225136463832314e-08,
          -1.570796251296997
        ],
        "lens_angle_degrees": 60.000001669652114,
        "clip_start": 0.10000000149011612,
        "clip_end": 1000.0,
        "shift_x": 0.0,
        "shift_y": 0.0
      },
      "view_name": "z_06_x-20"
    },
    {
      "intrinsic": {
        "K": [
          [
            443.4049918174785,
            0,
            256.0
          ],
          [
            0,
            443.4049918174785,
            256.0
          ],
          [
            0,
            0,
            1
          ]
        ],
        "fx": 443.4049918174785,
        "fy": 443.4049918174785,
        "cx": 256.0,
        "cy": 256.0,
        "fov_degrees": 60.000001669652114
      },
      "extrinsic": {
        "T_cw": [
          [
            0.7071062326431274,
            0.24184474349021912,
            -0.6644635796546936,
            -66.44634246826172
          ],
          [
            -0.7071073055267334,
            0.24184447526931763,
            -0.6644625663757324,
            33.553733825683594
          ],
          [
            7.3650568310768e-08,
            0.9396926760673523,
            0.3420199155807495,
            34.20200729370117
          ],
          [
            0.0,
            0.0,
            0.0,
            1.0
          ]
        ],
        "T_wc": [
          [
            0.7071062922477722,
            -0.7071073651313782,
            7.450581307466564e-08,
            70.7107162475586
          ],
          [
            0.2418447583913803,
            0.24184447526931763,
            0.9396927356719971,
            -24.184465408325195
          ],
          [
            -0.6644636392593384,
            -0.6644626259803772,
            0.3420199453830719,
            -33.55374526977539
          ],
          [
            -0.0,
            0.0,
            -0.0,
            1.0
          ]
        ],
        "R": [
          [
            0.7071062326431274,
            0.24184474349021912,
            -0.6644635796546936,
            -66.44634246826172
          ],
          [
            -0.7071073055267334,
            0.24184447526931763,
            -0.6644625663757324,
            33.553733825683594
          ],
          [
            7.3650568310768e-08,
            0.9396926760673523,
            0.3420199155807495,
            34.20200729370117
          ]
        ],
        "t": [
          -66.44634246826172,
          33.553733825683594,
          34.20200729370117
        ]
      },
      "matrices": {
        "view_matrix": [
          [
            0.7071062922477722,
            -0.7071073651313782,
            7.450581307466564e-08,
            70.7107162475586
          ],
          [
            0.2418447583913803,
            0.24184447526931763,
            0.9396927356719971,
            -24.184465408325195
          ],
          [
            -0.6644636392593384,
            -0.6644626259803772,
            0.3420199453830719,
            -33.55374526977539
          ],
          [
            -0.0,
            0.0,
            -0.0,
            1.0
          ]
        ],
        "projection_matrix": [
          [
            1.7320507492870254,
            0,
            0,
            0
          ],
          [
            0,
            1.7320507492870254,
            0,
            0
          ],
          [
            0,
            0,
            -1.000200020004981,
            -0.2000200049810284
          ],
          [
            0,
            0,
            -1,
            0
          ]
        ]
      },
      "camera_info": {
        "location": [
          -66.44634246826172,
          33.553733825683594,
          34.20200729370117
        ],
        "rotation_euler": [
          1.2217307090759277,
          -7.3650568310768e-08,
          -0.7853989005088806
        ],
        "lens_angle_degrees": 60.000001669652114,
        "clip_start": 0.10000000149011612,
        "clip_end": 1000.0,
        "shift_x": 0.0,
        "shift_y": 0.0
      },
      "view_name": "z_07_x-20"
    },
    {
      "intrinsic": {
        "K": [
          [
            443.4049918174785,
            0,
            256.0
          ],
          [
            0,
            443.4049918174785,
            256.0
          ],
          [
            0,
            0,
            1
          ]
        ],
        "fx": 443.4049918174785,
        "fy": 443.4049918174785,
        "cx": 256.0,
        "cy": 256.0,
        "fov_degrees": 60.000001669652114
      },
      "extrinsic": {
        "T_cw": [
          [
            1.0,
            0.0,
            0.0,
            0.0
          ],
          [
            0.0,
            0.17364810407161713,
            -0.9848077893257141,
            1.51922607421875
          ],
          [
            0.0,
            0.9848077893257141,
            0.17364810407161713,
            17.36481475830078
          ],
          [
            0.0,
            0.0,
            0.0,
            1.0
          ]
        ],
        "T_wc": [
          [
            1.0,
            -0.0,
            0.0,
            -0.0
          ],
          [
            -0.0,
            0.17364810407161713,
            0.9848077893257141,
            -17.364816665649414
          ],
          [
            0.0,
            -0.9848077893257141,
            0.17364810407161713,
            -1.519221544265747
          ],
          [
            -0.0,
            0.0,
            -0.0,
            1.0
          ]
        ],
        "R": [
          [
            1.0,
            0.0,
            0.0,
            0.0
          ],
          [
            0.0,
            0.17364810407161713,
            -0.9848077893257141,
            1.51922607421875
          ],
          [
            0.0,
            0.9848077893257141,
            0.17364810407161713,
            17.36481475830078
          ]
        ],
        "t": [
          0.0,
          1.51922607421875,
          17.36481475830078
        ]
      },
      "matrices": {
        "view_matrix": [
          [
            1.0,
            -0.0,
            0.0,
            -0.0
          ],
          [
            -0.0,
            0.17364810407161713,
            0.9848077893257141,
            -17.364816665649414
          ],
          [
            0.0,
            -0.9848077893257141,
            0.17364810407161713,
            -1.519221544265747
          ],
          [
            -0.0,
            0.0,
            -0.0,
            1.0
          ]
        ],
        "projection_matrix": [
          [
            1.7320507492870254,
            0,
            0,
            0
          ],
          [
            0,
            1.7320507492870254,
            0,
            0
          ],
          [
            0,
            0,
            -1.000200020004981,
            -0.2000200049810284
          ],
          [
            0,
            0,
            -1,
            0
          ]
        ]
      },
      "camera_info": {
        "location": [
          0.0,
          1.51922607421875,
          17.36481475830078
        ],
        "rotation_euler": [
          1.3962634801864624,
          -0.0,
          0.0
        ],
        "lens_angle_degrees": 60.000001669652114,
        "clip_start": 0.10000000149011612,
        "clip_end": 1000.0,
        "shift_x": 0.0,
        "shift_y": 0.0
      },
      "view_name": "z_00_x-10"
    },
    {
      "intrinsic": {
        "K": [
          [
            443.4049918174785,
            0,
            256.0
          ],
          [
            0,
            443.4049918174785,
            256.0
          ],
          [
            0,
            0,
            1
          ]
        ],
        "fx": 443.4049918174785,
        "fy": 443.4049918174785,
        "cx": 256.0,
        "cy": 256.0,
        "fov_degrees": 60.000001669652114
      },
      "extrinsic": {
        "T_cw": [
          [
            0.7071066498756409,
            -0.12278769165277481,
            0.6963644027709961,
            69.63642883300781
          ],
          [
            0.7071069478988647,
            0.12278763949871063,
            -0.6963641047477722,
            30.36358642578125
          ],
          [
            1.424545814643352e-09,
            0.9848077893257141,
            0.17364798486232758,
            17.36481475830078
          ],
          [
            0.0,
            0.0,
            0.0,
            1.0
          ]
        ],
        "T_wc": [
          [
            0.7071066498756409,
            0.7071069478988647,
            0.0,
            -70.71067810058594
          ],
          [
            -0.12278769910335541,
            0.12278764694929123,
            0.9848077893257141,
            -12.27878189086914
          ],
          [
            0.6963644027709961,
            -0.696364164352417,
            0.17364798486232758,
            -30.363588333129883
          ],
          [
            -0.0,
            0.0,
            -0.0,
            1.0
          ]
        ],
        "R": [
          [
            0.7071066498756409,
            -0.12278769165277481,
            0.6963644027709961,
            69.63642883300781
          ],
          [
            0.7071069478988647,
            0.12278763949871063,
            -0.6963641047477722,
            30.36358642578125
          ],
          [
            1.424545814643352e-09,
            0.9848077893257141,
            0.17364798486232758,
            17.36481475830078
          ]
        ],
        "t": [
          69.63642883300781,
          30.36358642578125,
          17.36481475830078
        ]
      },
      "matrices": {
        "view_matrix": [
          [
            0.7071066498756409,
            0.7071069478988647,
            0.0,
            -70.71067810058594
          ],
          [
            -0.12278769910335541,
            0.12278764694929123,
            0.9848077893257141,
            -12.27878189086914
          ],
          [
            0.6963644027709961,
            -0.696364164352417,
            0.17364798486232758,
            -30.363588333129883
          ],
          [
            -0.0,
            0.0,
            -0.0,
            1.0
          ]
        ],
        "projection_matrix": [
          [
            1.7320507492870254,
            0,
            0,
            0
          ],
          [
            0,
            1.7320507492870254,
            0,
            0
          ],
          [
            0,
            0,
            -1.000200020004981,
            -0.2000200049810284
          ],
          [
            0,
            0,
            -1,
            0
          ]
        ]
      },
      "camera_info": {
        "location": [
          69.63642883300781,
          30.36358642578125,
          17.36481475830078
        ],
        "rotation_euler": [
          1.396263599395752,
          -1.424545814643352e-09,
          0.7853983640670776
        ],
        "lens_angle_degrees": 60.000001669652114,
        "clip_start": 0.10000000149011612,
        "clip_end": 1000.0,
        "shift_x": 0.0,
        "shift_y": 0.0
      },
      "view_name": "z_01_x-10"
    },
    {
      "intrinsic": {
        "K": [
          [
            443.4049918174785,
            0,
            256.0
          ],
          [
            0,
            443.4049918174785,
            256.0
          ],
          [
            0,
            0,
            1
          ]
        ],
        "fx": 443.4049918174785,
        "fy": 443.4049918174785,
        "cx": 256.0,
        "cy": 256.0,
        "fov_degrees": 60.000001669652114
      },
      "extrinsic": {
        "T_cw": [
          [
            7.549790126404332e-08,
            -0.17364810407161713,
            0.9848077893257141,
            98.48077392578125
          ],
          [
            1.0,
            -6.07135746122367e-08,
            -8.736800793940347e-08,
            99.99999237060547
          ],
          [
            7.496248599636601e-08,
            0.9848077893257141,
            0.17364810407161713,
            17.36481475830078
          ],
          [
            0.0,
            0.0,
            0.0,
            1.0
          ]
        ],
        "T_wc": [
          [
            7.549789415861596e-08,
            1.0,
            7.496248599636601e-08,
            -100.00000762939453
          ],
          [
            -0.17364810407161713,
            -6.07135746122367e-08,
            0.9848077893257141,
            3.49311903846683e-07
          ],
          [
            0.9848077893257141,
            -8.736801504483083e-08,
            0.17364810407161713,
            -99.99999237060547
          ],
          [
            -0.0,
            0.0,
            -0.0,
            1.0
          ]
        ],
        "R": [
          [
            7.549790126404332e-08,
            -0.17364810407161713,
            0.9848077893257141,
            98.48077392578125
          ],
          [
            1.0,
            -6.07135746122367e-08,
            -8.736800793940347e-08,
            99.99999237060547
          ],
          [
            7.496248599636601e-08,
            0.9848077893257141,
            0.17364810407161713,
            17.36481475830078
          ]
        ],
        "t": [
          98.48077392578125,
          99.99999237060547,
          17.36481475830078
        ]
      },
      "matrices": {
        "view_matrix": [
          [
            7.549789415861596e-08,
            1.0,
            7.496248599636601e-08,
            -100.00000762939453
          ],
          [
            -0.17364810407161713,
            -6.07135746122367e-08,
            0.9848077893257141,
            3.49311903846683e-07
          ],
          [
            0.9848077893257141,
            -8.736801504483083e-08,
