{
  "metadata": {
    "total_views": 30,
    "resolution": [
      512,
      512
    ],
    "pixel_aspect": [
      1.0,
      1.0
    ],
    "convention": "Blender (-Z forward, +Y up)",
    "sequence_mode": true
  },
  "views": [
    {
      "intrinsic": {
        "K": [
          [
            443.4049918174785,
            0,
            256.0
          ],
          [
            0,
            443.4049918174785,
            256.0
          ],
          [
            0,
            0,
            1
          ]
        ],
        "fx": 443.4049918174785,
        "fy": 443.4049918174785,
        "cx": 256.0,
        "cy": 256.0,
        "fov_degrees": 60.000001669652114
      },
      "extrinsic": {
        "T_cw": [
          [
            1.0,
            0.0,
            0.0,
            0.0
          ],
          [
            0.0,
            0.7071067690849304,
            -0.7071067690849304,
            29.289321899414062
          ],
          [
            0.0,
            0.7071067690849304,
            0.7071067690849304,
            70.71067810058594
          ],
          [
            0.0,
            0.0,
            0.0,
            1.0
          ]
        ],
        "T_wc": [
          [
            1.0,
            -0.0,
            0.0,
            -0.0
          ],
          [
            -0.0,
            0.7071068286895752,
            0.7071068286895752,
            -70.71068572998047
          ],
          [
            0.0,
            -0.7071068286895752,
            0.7071068286895752,
            -29.289323806762695
          ],
          [
            -0.0,
            0.0,
            -0.0,
            1.0
          ]
        ],
        "R": [
          [
            1.0,
            0.0,
            0.0,
            0.0
          ],
          [
            0.0,
            0.7071067690849304,
            -0.7071067690849304,
            29.289321899414062
          ],
          [
            0.0,
            0.7071067690849304,
            0.7071067690849304,
            70.71067810058594
          ]
        ],
        "t": [
          0.0,
          29.289321899414062,
          70.71067810058594
        ]
      },
      "matrices": {
        "view_matrix": [
          [
            1.0,
            -0.0,
            0.0,
            -0.0
          ],
          [
            -0.0,
            0.7071068286895752,
            0.7071068286895752,
            -70.71068572998047
          ],
          [
            0.0,
            -0.7071068286895752,
            0.7071068286895752,
            -29.289323806762695
          ],
          [
            -0.0,
            0.0,
            -0.0,
            1.0
          ]
        ],
        "projection_matrix": [
          [
            1.7320507492870254,
            0,
            0,
            0
          ],
          [
            0,
            1.7320507492870254,
            0,
            0
          ],
          [
            0,
            0,
            -1.000200020004981,
            -0.2000200049810284
          ],
          [
            0,
            0,
            -1,
            0
          ]
        ]
      },
      "camera_info": {
        "location": [
          0.0,
          29.289321899414062,
          70.71067810058594
        ],
        "rotation_euler": [
          0.7853981852531433,
          -0.0,
          0.0
        ],
        "lens_angle_degrees": 60.000001669652114,
        "clip_start": 0.10000000149011612,
        "clip_end": 1000.0,
        "shift_x": 0.0,
        "shift_y": 0.0
      },
      "view_name": "sequence_00"
    },
    {
      "intrinsic": {
        "K": [
          [
            443.4049918174785,
            0,
            256.0
          ],
          [
            0,
            443.4049918174785,
            256.0
          ],
          [
            0,
            0,
            1
          ]
        ],
        "fx": 443.4049918174785,
        "fy": 443.4049918174785,
        "cx": 256.0,
        "cy": 256.0,
        "fov_degrees": 60.000001669652114
      },
      "extrinsic": {
        "T_cw": [
          [
            0.9974586963653564,
            0.048413876444101334,
            -0.05227087438106537,
            -5.050764560699463
          ],
          [
            -0.07124708592891693,
            0.6777939200401306,
            -0.7317917943000793,
            29.289321899414062
          ],
          [
            2.5280006976657887e-09,
            0.7336562275886536,
            0.6795207858085632,
            65.659912109375
          ],
          [
            0.0,
            0.0,
            0.0,
            1.0
          ]
        ],
        "T_wc": [
          [
            0.9974586963653564,
            -0.07124709337949753,
            3.725290742551124e-09,
            7.12470817565918
          ],
          [
            0.04841388016939163,
            0.6777939796447754,
            0.7336562871932983,
            -67.77941131591797
          ],
          [
            -0.05227087065577507,
            -0.7317918539047241,
            0.679520845413208,
            -23.447603225708008
          ],
          [
            -0.0,
            0.0,
            -0.0,
            1.0
          ]
        ],
        "R": [
          [
            0.9974586963653564,
            0.048413876444101334,
            -0.05227087438106537,
            -5.050764560699463
          ],
          [
            -0.07124708592891693,
            0.6777939200401306,
            -0.7317917943000793,
            29.289321899414062
          ],
          [
            2.5280006976657887e-09,
            0.7336562275886536,
            0.6795207858085632,
            65.659912109375
          ]
        ],
        "t": [
          -5.050764560699463,
          29.289321899414062,
          65.659912109375
        ]
      },
      "matrices": {
        "view_matrix": [
          [
            0.9974586963653564,
            -0.07124709337949753,
            3.725290742551124e-09,
            7.12470817565918
          ],
          [
            0.04841388016939163,
            0.6777939796447754,
            0.7336562871932983,
            -67.77941131591797
          ],
          [
            -0.05227087065577507,
            -0.7317918539047241,
            0.679520845413208,
            -23.447603225708008
          ],
          [
            -0.0,
            0.0,
            -0.0,
            1.0
          ]
        ],
        "projection_matrix": [
          [
            1.7320507492870254,
            0,
            0,
            0
          ],
          [
            0,
            1.7320507492870254,
            0,
            0
          ],
          [
            0,
            0,
            -1.000200020004981,
            -0.2000200049810284
          ],
          [
            0,
            0,
            -1,
            0
          ]
        ]
      },
      "camera_info": {
        "location": [
          -5.050764560699463,
          29.289321899414062,
          65.659912109375
        ],
        "rotation_euler": [
          0.8236870765686035,
          -2.5280006976657887e-09,
          -0.07130750268697739
        ],
        "lens_angle_degrees": 60.000001669652114,
        "clip_start": 0.10000000149011612,
        "clip_end": 1000.0,
        "shift_x": 0.0,
        "shift_y": 0.0
      },
      "view_name": "sequence_01"
    },
    {
      "intrinsic": {
        "K": [
          [
            443.4049918174785,
            0,
            256.0
          ],
          [
            0,
            443.4049918174785,
            256.0
          ],
          [
            0,
            0,
            1
          ]
        ],
        "fx": 443.4049918174785,
        "fy": 443.4049918174785,
        "cx": 256.0,
        "cy": 256.0,
        "fov_degrees": 60.000001669652114
      },
      "extrinsic": {
        "T_cw": [
          [
            0.9899494647979736,
            0.09149913489818573,
            -0.10783277451992035,
            -10.10152530670166
          ],
          [
            -0.1414213478565216,
            0.6404940485954285,
            -0.7548294067382812,
            29.289321899414062
          ],
          [
            8.41091818415407e-09,
            0.762492835521698,
            0.6469966769218445,
            60.609153747558594
          ],
          [
            0.0,
            0.0,
            0.0,
            1.0
          ]
        ],
        "T_wc": [
          [
            0.9899495244026184,
            -0.1414213627576828,
            7.450581485102248e-09,
            14.142136573791504
          ],
          [
            0.09149914234876633,
            0.6404940485954285,
            0.7624928951263428,
            -64.04940795898438
          ],
          [
            -0.10783278197050095,
            -0.7548294067382812,
            0.6469967365264893,
            -18.19475746154785
          ],
          [
            -0.0,
            0.0,
            -0.0,
            1.0
          ]
        ],
        "R": [
          [
            0.9899494647979736,
            0.09149913489818573,
            -0.10783277451992035,
            -10.10152530670166
          ],
          [
            -0.1414213478565216,
            0.6404940485954285,
            -0.7548294067382812,
            29.289321899414062
          ],
          [
            8.41091818415407e-09,
            0.762492835521698,
            0.6469966769218445,
            60.609153747558594
          ]
        ],
        "t": [
          -10.10152530670166,
          29.289321899414062,
          60.609153747558594
        ]
      },
      "matrices": {
        "view_matrix": [
          [
            0.9899495244026184,
            -0.1414213627576828,
            7.450581485102248e-09,
            14.142136573791504
          ],
          [
            0.09149914234876633,
            0.6404940485954285,
            0.7624928951263428,
            -64.04940795898438
          ],
          [
            -0.10783278197050095,
            -0.7548294067382812,
            0.6469967365264893,
            -18.19475746154785
          ],
          [
            -0.0,
            0.0,
            -0.0,
            1.0
          ]
        ],
        "projection_matrix": [
          [
            1.7320507492870254,
            0,
            0,
            0
          ],
          [
            0,
            1.7320507492870254,
            0,
            0
          ],
          [
            0,
            0,
            -1.000200020004981,
            -0.2000200049810284
          ],
          [
            0,
            0,
            -1,
            0
          ]
        ]
      },
      "camera_info": {
        "location": [
          -10.10152530670166,
          29.289321899414062,
          60.609153747558594
        ],
        "rotation_euler": [
          0.8671573400497437,
          -8.41091818415407e-09,
          -0.141897052526474
        ],
        "lens_angle_degrees": 60.000001669652114,
        "clip_start": 0.10000000149011612,
        "clip_end": 1000.0,
        "shift_x": 0.0,
        "shift_y": 0.0
      },
      "view_name": "sequence_02"
    },
    {
      "intrinsic": {
        "K": [
          [
            443.4049918174785,
            0,
            256.0
          ],
          [
            0,
            443.4049918174785,
            256.0
          ],
          [
            0,
            0,
            1
          ]
        ],
        "fx": 443.4049918174785,
        "fy": 443.4049918174785,
        "cx": 256.0,
        "cy": 256.0,
        "fov_degrees": 60.000001669652114
      },
      "extrinsic": {
        "T_cw": [
          [
            0.9778023958206177,
            0.12765218317508698,
            -0.1661546528339386,
            -15.152289390563965
          ],
          [
            -0.2095291018486023,
            0.5957100987434387,
            -0.7753883004188538,
            29.289321899414062
          ],
          [
            3.2908800129405336e-09,
            0.7929908037185669,
            0.6092336177825928,
            55.558387756347656
          ],
          [
            0.0,
            0.0,
            0.0,
            1.0
          ]
        ],
        "T_wc": [
          [
            0.9778023958206177,
            -0.2095291018486023,
            -7.450580596923828e-09,
            20.952911376953125
          ],
          [
            0.12765216827392578,
            0.5957100987434387,
            0.7929908037185669,
            -59.57101058959961
          ],
          [
            -0.1661546528339386,
            -0.7753883004188538,
            0.6092336177825928,
            -13.655059814453125
          ],
          [
            -0.0,
            0.0,
            -0.0,
            1.0
          ]
        ],
        "R": [
          [
            0.9778023958206177,
            0.12765218317508698,
            -0.1661546528339386,
            -15.152289390563965
          ],
          [
            -0.2095291018486023,
            0.5957100987434387,
            -0.7753883004188538,
            29.289321899414062
          ],
          [
            3.2908800129405336e-09,
            0.7929908037185669,
            0.6092336177825928,
            55.558387756347656
          ]
        ],
        "t": [
          -15.152289390563965,
          29.289321899414062,
          55.558387756347656
        ]
      },
      "matrices": {
        "view_matrix": [
          [
            0.9778023958206177,
            -0.2095291018486023,
            -7.450580596923828e-09,
            20.952911376953125
          ],
          [
            0.12765216827392578,
            0.5957100987434387,
            0.7929908037185669,
            -59.57101058959961
          ],
          [
            -0.1661546528339386,
            -0.7753883004188538,
            0.6092336177825928,
            -13.655059814453125
          ],
          [
            -0.0,
            0.0,
            -0.0,
            1.0
          ]
        ],
        "projection_matrix": [
          [
            1.7320507492870254,
            0,
            0,
            0
          ],
          [
            0,
            1.7320507492870254,
            0,
            0
          ],
          [
            0,
            0,
            -1.000200020004981,
            -0.2000200049810284
          ],
          [
            0,
            0,
            -1,
            0
          ]
        ]
      },
      "camera_info": {
        "location": [
          -15.152289390563965,
          29.289321899414062,
          55.558387756347656
        ],
        "rotation_euler": [
          0.9157025218009949,
          -3.2908800129405336e-09,
          -0.21109335124492645
        ],
        "lens_angle_degrees": 60.000001669652114,
        "clip_start": 0.10000000149011612,
        "clip_end": 1000.0,
        "shift_x": 0.0,
        "shift_y": 0.0
      },
      "view_name": "sequence_03"
    },
    {
      "intrinsic": {
        "K": [
          [
            443.4049918174785,
            0,
            256.0
          ],
          [
            0,
            443.4049918174785,
            256.0
          ],
          [
            0,
            0,
            1
          ]
        ],
        "fx": 443.4049918174785,
        "fy": 443.4049918174785,
        "cx": 256.0,
        "cy": 256.0,
        "fov_degrees": 60.000001669652114
      },
      "extrinsic": {
        "T_cw": [
          [
            0.9615239500999451,
            0.15553021430969238,
            -0.2264554351568222,
            -20.20305061340332
          ],
          [
            -0.2747211456298828,
            0.5443556904792786,
            -0.7925939559936523,
            29.289321899414062
          ],
          [
            -1.2191349263446227e-08,
            0.8243101835250854,
            0.5661384463310242,
            50.50762939453125
          ],
          [
            0.0,
            0.0,
            0.0,
            1.0
          ]
        ],
        "T_wc": [
          [
            0.9615239500999451,
            -0.2747211456298828,
            0.0,
            27.47211265563965
          ],
          [
            0.15553021430969238,
            0.5443556904792786,
            0.8243101835250854,
            -54.435577392578125
          ],
          [
            -0.2264554351568222,
            -0.7925939559936523,
            0.5661384463310242,
            -9.954863548278809
          ],
          [
            -0.0,
            0.0,
            -0.0,
            1.0
          ]
        ],
        "R": [
          [
            0.9615239500999451,
            0.15553021430969238,
            -0.2264554351568222,
            -20.20305061340332
          ],
          [
            -0.2747211456298828,
            0.5443556904792786,
            -0.7925939559936523,
            29.289321899414062
          ],
          [
            -1.2191349263446227e-08,
            0.8243101835250854,
            0.5661384463310242,
            50.50762939453125
          ]
        ],
        "t": [
          -20.20305061340332,
          29.289321899414062,
          50.50762939453125
        ]
      },
      "matrices": {
        "view_matrix": [
          [
            0.9615239500999451,
            -0.2747211456298828,
            0.0,
            27.47211265563965
          ],
          [
            0.15553021430969238,
            0.5443556904792786,
            0.8243101835250854,
            -54.435577392578125
          ],
          [
            -0.2264554351568222,
            -0.7925939559936523,
            0.5661384463310242,
            -9.954863548278809
          ],
          [
            -0.0,
            0.0,
            -0.0,
            1.0
          ]
        ],
        "projection_matrix": [
          [
            1.7320507492870254,
            0,
            0,
            0
          ],
          [
            0,
            1.7320507492870254,
            0,
            0
          ],
          [
            0,
            0,
            -1.000200020004981,
            -0.2000200049810284
          ],
          [
            0,
            0,
            -1,
            0
          ]
        ]
      },
      "camera_info": {
        "location": [
          -20.20305061340332,
          29.289321899414062,
          50.50762939453125
        ],
        "rotation_euler": [
          0.9689826369285583,
          1.2191349263446227e-08,
          -0.2782996892929077
        ],
        "lens_angle_degrees": 60.000001669652114,
        "clip_start": 0.10000000149011612,
        "clip_end": 1000.0,
        "shift_x": 0.0,
        "shift_y": 0.0
      },
      "view_name": "sequence_04"
    },
    {
      "intrinsic": {
        "K": [
          [
            443.4049918174785,
            0,
            256.0
          ],
          [
            0,
            443.4049918174785,
            256.0
          ],
          [
            0,
            0,
            1
          ]
        ],
        "fx": 443.4049918174785,
        "fy": 443.4049918174785,
        "cx": 256.0,
        "cy": 256.0,
        "fov_degrees": 60.000001669652114
      },
      "extrinsic": {
        "T_cw": [
          [
            0.9417418837547302,
            0.1741858571767807,
            -0.2877178192138672,
            -25.253814697265625
          ],
          [
            -0.33633652329444885,
            0.48772022128105164,
            -0.8056095242500305,
            29.289321899414062
          ],
          [
            5.408795189509874e-09,
            0.8554462194442749,
            0.5178915858268738,
            45.45686340332031
          ],
          [
            0.0,
            0.0,
            0.0,
            1.0
          ]
        ],
        "T_wc": [
          [
            0.9417418837547302,
            -0.33633652329444885,
            1.4901162970204496e-08,
            33.633644104003906
          ],
          [
            0.1741858720779419,
            0.48772022128105164,
            0.8554462790489197,
            -48.77204513549805
          ],
          [
            -0.2877178490161896,
            -0.8056095838546753,
            0.5178917050361633,
            -7.211945056915283
          ],
          [
            -0.0,
            0.0,
            -0.0,
            1.0
          ]
        ],
        "R": [
          [
            0.9417418837547302,
            0.1741858571767807,
            -0.2877178192138672,
            -25.253814697265625
          ],
          [
            -0.33633652329444885,
            0.48772022128105164,
            -0.8056095242500305,
            29.289321899414062
          ],
          [
            5.408795189509874e-09,
            0.8554462194442749,
            0.5178915858268738,
            45.45686340332031
          ]
        ],
        "t": [
          -25.253814697265625,
          29.289321899414062,
          45.45686340332031
        ]
      },
      "matrices": {
        "view_matrix": [
          [
            0.9417418837547302,
            -0.33633652329444885,
            1.4901162970204496e-08,
            33.633644104003906
          ],
          [
            0.1741858720779419,
            0.48772022128105164,
            0.8554462790489197,
            -48.77204513549805
          ],
          [
            -0.2877178490161896,
            -0.8056095838546753,
            0.5178917050361633,
            -7.211945056915283
          ],
          [
            -0.0,
            0.0,
            -0.0,
            1.0
          ]
        ],
        "projection_matrix": [
          [
            1.7320507492870254,
            0,
            0,
            0
          ],
          [
            0,
            1.7320507492870254,
            0,
            0
          ],
          [
            0,
            0,
            -1.000200020004981,
            -0.2000200049810284
          ],
          [
            0,
            0,
            -1,
            0
          ]
        ]
      },
      "camera_info": {
        "location": [
          -25.253814697265625,
          29.289321899414062,
          45.45686340332031
        ],
        "rotation_euler": [
          1.0264118909835815,
          -5.408795189509874e-09,
          -0.3430240750312805
        ],
        "lens_angle_degrees": 60.000001669652114,
        "clip_start": 0.10000000149011612,
        "clip_end": 1000.0,
        "shift_x": 0.0,
        "shift_y": 0.0
      },
      "view_name": "sequence_05"
    },
    {
      "intrinsic": {
        "K": [
          [
            443.4049918174785,
            0,
            256.0
          ],
          [
            0,
            443.4049918174785,
            256.0
          ],
          [
            0,
            0,
            1
          ]
        ],
        "fx": 443.4049918174785,
        "fy": 443.4049918174785,
        "cx": 256.0,
        "cy": 256.0,
        "fov_degrees": 60.000001669652114
      },
      "extrinsic": {
        "T_cw": [
          [
            0.9191450476646423,
            0.18316879868507385,
            -0.34874290227890015,
            -30.30457878112793
          ],
          [
            -0.39391928911209106,
            0.4273938536643982,
            -0.8137333989143372,
            29.289321899414062
          ],
          [
            -1.2748973432508137e-08,
            0.8853155970573425,
            0.46499064564704895,
            40.40610122680664
          ],
          [
            0.0,
            0.0,
            0.0,
            1.0
          ]
        ],
        "T_wc": [
          [
            0.9191450476646423,
            -0.39391931891441345,
            1.4901161193847656e-08,
            39.391929626464844
          ],
          [
            0.18316879868507385,
            0.4273938536643982,
            0.8853155970573425,
            -42.739376068115234
          ],
          [
            -0.34874290227890015,
            -0.8137334585189819,
            0.46499067544937134,
            -5.523265361785889
          ],
          [
            -0.0,
            0.0,
            -0.0,
            1.0
          ]
        ],
        "R": [
          [
            0.9191450476646423,
            0.18316879868507385,
            -0.34874290227890015,
            -30.30457878112793
          ],
          [
            -0.39391928911209106,
            0.4273938536643982,
            -0.8137333989143372,
            29.289321899414062
          ],
          [
            -1.2748973432508137e-08,
            0.8853155970573425,
            0.46499064564704895,
            40.40610122680664
          ]
        ],
        "t": [
          -30.30457878112793,
          29.289321899414062,
          40.40610122680664
        ]
      },
      "matrices": {
        "view_matrix": [
          [
            0.9191450476646423,
            -0.39391931891441345,
            1.4901161193847656e-08,
            39.391929626464844
          ],
          [
            0.18316879868507385,
            0.4273938536643982,
            0.8853155970573425,
            -42.739376068115234
          ],
          [
            -0.34874290227890015,
            -0.8137334585189819,
            0.46499067544937134,
            -5.523265361785889
          ],
          [
            -0.0,
            0.0,
            -0.0,
            1.0
          ]
        ],
        "projection_matrix": [
          [
            1.7320507492870254,
            0,
            0,
            0
          ],
          [
            0,
            1.7320507492870254,
            0,
            0
          ],
          [
            0,
            0,
            -1.000200020004981,
            -0.2000200049810284
          ],
          [
            0,
            0,
            -1,
            0
          ]
        ]
      },
      "camera_info": {
        "location": [
          -30.30457878112793,
          29.289321899414062,
          40.40610122680664
        ],
        "rotation_euler": [
          1.087172269821167,
          1.2748973432508137e-08,
          -0.4048917889595032
        ],
        "lens_angle_degrees": 60.000001669652114,
        "clip_start": 0.10000000149011612,
        "clip_end": 1000.0,
        "shift_x": 0.0,
        "shift_y": 0.0
      },
      "view_name": "sequence_06"
    },
    {
      "intrinsic": {
        "K": [
          [
            443.4049918174785,
            0,
            256.0
          ],
          [
            0,
            443.4049918174785,
            256.0
          ],
          [
            0,
            0,
            1
          ]
        ],
        "fx": 443.4049918174785,
        "fy": 443.4049918174785,
        "cx": 256.0,
        "cy": 256.0,
        "fov_degrees": 60.000001669652114
      },
      "extrinsic": {
        "T_cw": [
          [
            0.8944271802902222,
            0.18257412314414978,
            -0.4082483649253845,
            -35.35533905029297
          ],
          [
            -0.44721364974975586,
            0.36514827609062195,
            -0.8164966106414795,
            29.289321899414062
          ],
          [
            3.684800020664625e-08,
            0.9128710031509399,
            0.4082481861114502,
            35.35533905029297
          ],
          [
            0.0,
            0.0,
            0.0,
            1.0
          ]
        ],
        "T_wc": [
          [
            0.8944271802902222,
            -0.44721364974975586,
            2.9802322387695312e-08,
            44.72135925292969
          ],
          [
            0.18257413804531097,
            0.36514830589294434,
            0.9128710031509399,
            -36.514835357666016
          ],
          [
            -0.4082483649253845,
            -0.8164966106414795,
            0.4082481861114502,
            -4.952879428863525
          ],
          [
            -0.0,
            0.0,
            -0.0,
            1.0
          ]
        ],
        "R": [
          [
            0.8944271802902222,
            0.18257412314414978,
            -0.4082483649253845,
            -35.35533905029297
          ],
          [
            -0.44721364974975586,
            0.36514827609062195,
            -0.8164966106414795,
            29.289321899414062
          ],
          [
            3.684800020664625e-08,
            0.9128710031509399,
            0.4082481861114502,
            35.35533905029297
          ]
        ],
        "t": [
          -35.35533905029297,
          29.289321899414062,
          35.35533905029297
        ]
      },
      "matrices": {
        "view_matrix": [
          [
            0.8944271802902222,
            -0.44721364974975586,
            2.9802322387695312e-08,
            44.72135925292969
          ],
          [
            0.18257413804531097,
            0.36514830589294434,
            0.9128710031509399,
            -36.514835357666016
          ],
          [
            -0.4082483649253845,
            -0.8164966106414795,
            0.4082481861114502,
            -4.952879428863525
          ],
          [
            -0.0,
            0.0,
            -0.0,
            1.0
          ]
        ],
        "projection_matrix": [
          [
            1.7320507492870254,
            0,
            0,
            0
          ],
          [
            0,
            1.7320507492870254,
            0,
            0
          ],
          [
            0,
            0,
            -1.000200020004981,
            -0.2000200049810284
          ],
          [
            0,
            0,
            -1,
            0
          ]
        ]
      },
      "camera_info": {
        "location": [
          -35.35533905029297,
          29.289321899414062,
          35.35533905029297
        ],
        "rotation_euler": [
          1.1502621173858643,
          -3.684800020664625e-08,
          -0.46364766359329224
        ],
        "lens_angle_degrees": 60.000001669652114,
        "clip_start": 0.10000000149011612,
        "clip_end": 1000.0,
        "shift_x": 0.0,
        "shift_y": 0.0
      },
      "view_name": "sequence_07"
    },
    {
      "intrinsic": {
        "K": [
          [
            443.4049918174785,
            0,
            256.0
          ],
          [
            0,
            443.4049918174785,
            256.0
          ],
          [
            0,
            0,
            1
          ]
        ],
        "fx": 443.4049918174785,
        "fy": 443.4049918174785,
        "cx": 256.0,
        "cy": 256.0,
        "fov_degrees": 60.000001669652114
      },
      "extrinsic": {
        "T_cw": [
          [
            0.8682430982589722,
            0.17302502691745758,
            -0.4649905562400818,
            -40.406105041503906
          ],
          [
            -0.49613896012306213,
            0.3027937412261963,
            -0.8137333989143372,
            29.289321899414062
          ],
          [
            -1.825865503235491e-08,
            0.9372183680534363,
            0.3487430512905121,
            30.304574966430664
          ],
          [
            0.0,
            0.0,
            0.0,
            1.0
          ]
        ],
        "T_wc": [
          [
            0.8682432174682617,
            -0.4961390197277069,
            -1.4901162970204496e-08,
            49.6139030456543
          ],
          [
            0.17302504181861877,
            0.3027937710285187,
            0.937218427658081,
            -30.279361724853516
          ],
          [
            -0.46499061584472656,
            -0.8137335181236267,
            0.3487430512905121,
            -5.523265838623047
          ],
          [
            -0.0,
            0.0,
            -0.0,
            1.0
          ]
        ],
        "R": [
          [
            0.8682430982589722,
            0.17302502691745758,
            -0.4649905562400818,
            -40.406105041503906
          ],
          [
            -0.49613896012306213,
            0.3027937412261963,
            -0.8137333989143372,
            29.289321899414062
          ],
          [
            -1.825865503235491e-08,
            0.9372183680534363,
            0.3487430512905121,
            30.304574966430664
          ]
        ],
        "t": [
          -40.406105041503906,
          29.289321899414062,
          30.304574966430664
        ]
      },
      "matrices": {
        "view_matrix": [
          [
            0.8682432174682617,
            -0.4961390197277069,
            -1.4901162970204496e-08,
            49.6139030456543
          ],
          [
            0.17302504181861877,
            0.3027937710285187,
            0.937218427658081,
            -30.279361724853516
          ],
          [
            -0.46499061584472656,
            -0.8137335181236267,
            0.3487430512905121,
            -5.523265838623047
          ],
          [
            -0.0,
            0.0,
            -0.0,
            1.0
          ]
        ],
        "projection_matrix": [
          [
            1.7320507492870254,
            0,
            0,
            0
          ],
          [
            0,
            1.7320507492870254,
            0,
            0
          ],
          [
            0,
            0,
            -1.000200020004981,
            -0.2000200049810284
          ],
          [
            0,
            0,
            -1,
            0
          ]
        ]
      },
      "camera_info": {
        "location": [
          -40.406105041503906,
          29.289321899414062,
          30.304574966430664
        ],
        "rotation_euler": [
          1.214566707611084,
          1.825865503235491e-08,
          -0.5191461443901062
        ],
        "lens_angle_degrees": 60.000001669652114,
        "clip_start": 0.10000000149011612,
        "clip_end": 1000.0,
        "shift_x": 0.0,
        "shift_y": 0.0
      },
      "view_name": "sequence_08"
    },
    {
      "intrinsic": {
        "K": [
          [
            443.4049918174785,
            0,
            256.0
          ],
          [
            0,
            443.4049918174785,
            256.0
          ],
          [
            0,
            0,
            1
          ]
        ],
        "fx": 443.4049918174785,
        "fy": 443.4049918174785,
        "cx": 256.0,
        "cy": 256.0,
        "fov_degrees": 60.000001669652114
      },
      "extrinsic": {
        "T_cw": [
          [
            0.8411784768104553,
            0.15558546781539917,
            -0.5178918242454529,
            -45.45686340332031
          ],
          [
            -0.5407575964927673,
            0.2420218139886856,
            -0.8056095242500305,
            29.289321899414062
          ],
          [
            -2.2721682313431302e-08,
            0.9577153325080872,
            0.2877175807952881,
            25.253814697265625
          ],
          [
            0.0,
            0.0,
            0.0,
            1.0
          ]
        ],
        "T_wc": [
          [
            0.8411785364151001,
            -0.5407575964927673,
            -1.4901161193847656e-08,
            54.07576370239258
          ],
          [
            0.15558548271656036,
            0.2420218288898468,
            0.9577153921127319,
            -24.202190399169922
          ],
          [
            -0.5178918242454529,
            -0.8056095242500305,
            0.2877175509929657,
            -7.211949825286865
          ],
          [
            -0.0,
            0.0,
            -0.0,
            1.0
          ]
        ],
        "R": [
          [
            0.8411784768104553,
            0.15558546781539917,
            -0.5178918242454529,
            -45.45686340332031
          ],
          [
            -0.5407575964927673,
            0.2420218139886856,
            -0.8056095242500305,
            29.289321899414062
          ],
          [
            -2.2721682313431302e-08,
            0.9577153325080872,
            0.2877175807952881,
            25.253814697265625
          ]
        ],
        "t": [
          -45.45686340332031,
          29.289321899414062,
          25.253814697265625
        ]
      },
      "matrices": {
        "view_matrix": [
          [
            0.8411785364151001,
            -0.5407575964927673,
            -1.4901161193847656e-08,
            54.07576370239258
          ],
          [
            0.15558548271656036,
            0.2420218288898468,
            0.9577153921127319,
            -24.202190399169922
          ],
          [
            -0.5178918242454529,
            -0.8056095242500305,
            0.2877175509929657,
            -7.211949825286865
          ],
          [
            -0.0,
            0.0,
            -0.0,
            1.0
          ]
        ],
        "projection_matrix": [
          [
            1.7320507492870254,
            0,
            0,
            0
          ],
          [
            0,
            1.7320507492870254,
            0,
            0
          ],
          [
            0,
            0,
            -1.000200020004981,
            -0.2000200049810284
          ],
          [
            0,
            0,
            -1,
            0
          ]
        ]
      },
      "camera_info": {
        "location": [
          -45.45686340332031,
          29.289321899414062,
          25.253814697265625
        ],
        "rotation_euler": [
          1.2789535522460938,
          2.2721682313431302e-08,
          -0.5713374614715576
        ],
        "lens_angle_degrees": 60.000001669652114,
        "clip_start": 0.10000000149011612,
        "clip_end": 1000.0,
        "shift_x": 0.0,
        "shift_y": 0.0
      },
      "view_name": "sequence_09"
    },
    {
      "intrinsic": {
        "K": [
          [
            443.4049918174785,
            0,
            256.0
          ],
          [
            0,
            443.4049918174785,
            256.0
          ],
          [
            0,
            0,
            1
          ]
        ],
        "fx": 443.4049918174785,
        "fy": 443.4049918174785,
        "cx": 256.0,
        "cy": 256.0,
        "fov_degrees": 60.000001669652114
      },
      "extrinsic": {
        "T_cw": [
          [
            0.8137333989143372,
            0.13162453472614288,
            -0.5661386251449585,
            -50.50762939453125
          ],
          [
            -0.581238329410553,
            0.18427422642707825,
            -0.7925938963890076,
            29.289321899414062
          ],
          [
            -4.285872634568477e-08,
            0.9740215539932251,
            0.22645531594753265,
            20.20305061340332
          ],
          [
            0.0,
            0.0,
            0.0,
            1.0
          ]
        ],
        "T_wc": [
          [
            0.8137333989143372,
            -0.581238329410553,
            -4.470348358154297e-08,
            58.12382125854492
          ],
          [
            0.13162453472614288,
            0.18427422642707825,
            0.9740215539932251,
            -18.427433013916016
          ],
          [
            -0.5661386847496033,
            -0.7925938963890076,
            0.22645530104637146,
            -9.954873085021973
          ],
          [
            -0.0,
            0.0,
            -0.0,
            1.0
          ]
        ],
        "R": [
          [
            0.8137333989143372,
            0.13162453472614288,
            -0.5661386251449585,
            -50.50762939453125
          ],
          [
            -0.581238329410553,
            0.18427422642707825,
            -0.7925938963890076,
            29.289321899414062
          ],
          [
